x	y	spp1	var1	var2
-23.52549019	64.8891558	0	128	125
-22.52549019	66.3891558	0	111	115
-22.52549019	65.8891558	0	117	104
-22.02549019	64.8891558	0	94	130
-22.02549019	65.8891558	0	103	110
-21.52549019	65.8891558	0	92	120
-21.52549019	64.8891558	0	97	124
-21.52549019	65.3891558	0	98	115
-21.02549019	65.3891558	0	97	118
-21.02549019	64.8891558	0	105	116
-21.02549019	64.3891558	0	112	121
-20.52549019	65.3891558	0	98	121
-20.52549019	64.8891558	0	115	107
-20.52549019	64.3891558	0	129	106
-20.02549019	65.8891558	0	89	120
-20.02549019	65.3891558	0	105	109
-20.02549019	64.3891558	0	127	122
-20.02549019	64.8891558	0	128	94
-20.02549019	63.8891558	0	142	125
-19.52549019	65.3891558	0	107	109
-19.52549019	64.8891558	0	143	75
-19.52549019	64.3891558	0	143	106
-19.52549019	63.8891558	0	161	102
-19.02549019	65.8891558	0	87	121
-19.02549019	65.3891558	0	111	104
-19.02549019	64.8891558	0	131	101
-19.02549019	64.3891558	0	143	115
-19.02549019	63.8891558	0	171	96
-18.52549019	65.8891558	0	98	99
-18.52549019	65.3891558	0	106	114
-18.52549019	64.8891558	0	148	76
-18.52549019	64.3891558	0	152	108
-18.52549019	63.8891558	0	166	120
-18.02549019	65.8891558	0	75	135
-18.02549019	65.3891558	0	100	125
-18.02549019	64.8891558	0	135	104
-18.02549019	64.3891558	0	162	97
-18.02549019	63.8891558	0	171	131
-17.52549019	65.8891558	0	103	93
-17.52549019	65.3891558	0	119	97
-17.52549019	64.8891558	0	146	88
-17.52549019	63.8891558	0	169	134
-17.52549019	64.3891558	0	173	79
-17.02549019	65.8891558	0	91	120
-17.02549019	65.3891558	0	114	112
-17.02549019	64.8891558	0	161	68
-17.02549019	64.3891558	0	170	89
-16.52549019	65.8891558	0	111	94
-16.52549019	65.3891558	0	123	104
-16.52549019	64.8891558	0	156	81
-16.52549019	64.3891558	0	187	59
-16.02549019	66.3891558	0	93	110
-16.02549019	65.8891558	0	113	102
-16.02549019	65.3891558	0	131	100
-16.02549019	64.8891558	0	158	86
-16.02549019	64.3891558	0	173	90
-15.52549019	65.8891558	0	127	88
-15.52549019	65.3891558	0	144	89
-15.52549019	64.8891558	0	162	86
-15.52549019	64.3891558	0	165	108
-15.02549019	65.8891558	0	133	91
-15.02549019	65.3891558	0	148	94
-15.02549019	64.8891558	0	168	84
-14.52549019	65.3891558	0	157	89
-14.52549019	64.8891558	0	172	87
-14.02549019	65.3891558	0	166	85
-14.02549019	64.8891558	0	172	94
-9.525490185	53.8891558	0	135	179
-9.525490185	52.3891558	0	156	187
-9.525490185	51.8891558	0	180	174
-9.025490185	39.3891558	0	116	228
-9.025490185	38.8891558	0	123	260
-9.025490185	53.8891558	0	131	183
-9.025490185	52.8891558	0	137	187
-9.025490185	52.3891558	0	157	179
-9.025490185	51.8891558	0	161	181
-8.525490185	37.8891558	0	84	287
-8.525490185	37.3891558	0	85	273
-8.525490185	38.3891558	0	91	293
-8.525490185	38.8891558	0	97	291
-8.525490185	39.3891558	0	103	275
-8.525490185	53.3891558	0	115	188
-8.525490185	52.8891558	0	116	193
-8.525490185	52.3891558	0	122	188
-8.525490185	39.8891558	0	122	262
-8.525490185	53.8891558	0	123	182
-8.525490185	51.8891558	0	129	189
-8.525490185	40.3891558	0	132	251
-8.525490185	54.3891558	0	137	179
-8.525490185	41.8891558	0	185	237
-8.525490185	42.8891558	0	212	229
-8.025490185	38.3891558	0	83	310
-8.025490185	37.8891558	0	84	303
-8.025490185	37.3891558	0	89	289
-8.025490185	38.8891558	0	94	301
-8.025490185	39.3891558	0	104	299
-8.025490185	53.3891558	0	108	187
-8.025490185	53.8891558	0	113	182
-8.025490185	39.8891558	0	122	297
-8.025490185	52.3891558	0	126	186
-8.025490185	52.8891558	0	139	177
-8.025490185	54.3891558	0	140	178
-8.025490185	43.3891558	0	140	237
-8.025490185	40.3891558	0	146	290
-8.025490185	40.8891558	0	162	268
-8.025490185	41.3891558	0	167	265
-8.025490185	54.8891558	0	176	166
-8.025490185	41.8891558	0	187	257
-8.025490185	42.8891558	0	198	244
-8.025490185	42.3891558	0	220	232
-7.525490185	37.8891558	0	80	314
-7.525490185	38.3891558	0	85	314
-7.525490185	38.8891558	0	89	309
-7.525490185	53.3891558	0	90	189
-7.525490185	37.3891558	0	95	286
-7.525490185	39.3891558	0	96	317
-7.525490185	52.8891558	0	103	191
-7.525490185	53.8891558	0	109	184
-7.525490185	39.8891558	0	114	316
-7.525490185	52.3891558	0	141	185
-7.525490185	43.3891558	0	146	235
-7.525490185	54.8891558	0	151	166
-7.525490185	42.3891558	0	151	262
-7.525490185	54.3891558	0	156	176
-7.525490185	42.8891558	0	159	245
-7.525490185	41.3891558	0	172	291
-7.525490185	40.3891558	0	174	280
-7.525490185	41.8891558	0	180	243
-7.525490185	40.8891558	0	183	275
-7.025490185	38.8891558	0	75	332
-7.025490185	38.3891558	0	75	325
-7.025490185	37.3891558	0	75	294
-7.025490185	37.8891558	0	76	312
-7.025490185	53.3891558	0	87	188
-7.025490185	52.8891558	0	92	195
-7.025490185	53.8891558	0	100	182
-7.025490185	39.8891558	0	100	324
-7.025490185	54.3891558	0	107	182
-7.025490185	39.3891558	0	107	311
-7.025490185	52.3891558	0	110	195
-7.025490185	54.8891558	0	117	173
-7.025490185	40.3891558	0	131	298
-7.025490185	43.3891558	0	132	234
-7.025490185	41.8891558	0	135	270
-7.025490185	42.8891558	0	137	244
-7.025490185	40.8891558	0	142	288
-7.025490185	41.3891558	0	156	272
-7.025490185	42.3891558	0	159	228
-6.525490185	38.8891558	0	73	337
-6.525490185	39.3891558	0	75	335
-6.525490185	38.3891558	0	77	332
-6.525490185	37.3891558	0	78	302
-6.525490185	39.8891558	0	79	328
-6.525490185	37.8891558	0	79	320
-6.525490185	53.8891558	0	91	188
-6.525490185	53.3891558	0	93	191
-6.525490185	41.8891558	0	97	282
-6.525490185	54.3891558	0	99	181
-6.525490185	41.3891558	0	104	281
-6.525490185	40.8891558	0	105	287
-6.525490185	52.8891558	0	107	196
-6.525490185	52.3891558	0	109	192
-6.525490185	42.8891558	0	113	249
-6.525490185	54.8891558	0	128	165
-6.525490185	43.3891558	0	131	229
-6.525490185	40.3891558	0	134	265
-6.525490185	58.3891558	0	135	152
-6.525490185	42.3891558	0	166	197
-6.025490185	39.8891558	0	59	338
-6.025490185	40.3891558	0	65	319
-6.025490185	38.8891558	0	66	349
-6.025490185	39.3891558	0	67	337
-6.025490185	41.3891558	0	68	290
-6.025490185	41.8891558	0	72	281
-6.025490185	40.8891558	0	74	292
-6.025490185	37.8891558	0	82	345
-6.025490185	38.3891558	0	83	335
-6.025490185	37.3891558	0	83	333
-6.025490185	36.8891558	0	91	292
-6.025490185	54.8891558	0	95	183
-6.025490185	42.3891558	0	98	250
-6.025490185	54.3891558	0	104	185
-6.025490185	42.8891558	0	109	241
-6.025490185	43.3891558	0	116	242
-6.025490185	55.8891558	0	158	170
-6.025490185	57.3891558	0	209	158
-5.525490185	41.8891558	0	49	292
-5.525490185	41.3891558	0	51	288
-5.525490185	39.8891558	0	51	339
-5.525490185	40.8891558	0	59	287
-5.525490185	39.3891558	0	59	349
-5.525490185	42.3891558	0	63	285
-5.525490185	40.3891558	0	66	293
-5.525490185	38.8891558	0	72	346
-5.525490185	38.3891558	0	84	345
-5.525490185	37.8891558	0	86	356
-5.525490185	37.3891558	0	91	347
-5.525490185	42.8891558	0	93	254
-5.525490185	43.3891558	1	113	240
-5.525490185	36.8891558	0	114	298
-5.525490185	36.3891558	0	141	273
-5.525490185	56.8891558	1	204	178
-5.525490185	57.3891558	1	216	161
-5.025490185	41.3891558	0	45	292
-5.025490185	39.8891558	0	46	339
-5.025490185	41.8891558	0	47	293
-5.025490185	40.8891558	0	52	288
-5.025490185	39.3891558	0	57	348
-5.025490185	42.3891558	0	59	283
-5.025490185	38.8891558	0	74	349
-5.025490185	42.8891558	0	86	254
-5.025490185	38.3891558	0	88	351
-5.025490185	37.8891558	0	88	361
-5.025490185	40.3891558	0	94	241
-5.025490185	37.3891558	0	101	336
-5.025490185	43.3891558	1	106	238
-5.025490185	36.8891558	0	120	297
-5.025490185	58.3891558	1	124	173
-5.025490185	50.3891558	1	135	191
-5.025490185	57.8891558	1	183	153
-5.025490185	56.3891558	1	231	177
-5.025490185	56.8891558	1	232	181
-5.025490185	57.3891558	1	238	148
-4.525490185	40.3891558	0	43	320
-4.525490185	41.3891558	0	47	292
-4.525490185	39.8891558	0	49	328
-4.525490185	41.8891558	0	50	292
-4.525490185	39.3891558	0	54	345
-4.525490185	40.8891558	0	58	278
-4.525490185	42.3891558	0	59	276
-4.525490185	38.8891558	0	69	353
-4.525490185	42.8891558	0	88	243
-4.525490185	38.3891558	0	90	348
-4.525490185	37.8891558	0	92	355
-4.525490185	37.3891558	0	96	326
-4.525490185	36.8891558	0	101	302
-4.525490185	51.8891558	0	107	190
-4.525490185	58.3891558	1	110	172
-4.525490185	43.3891558	1	120	210
-4.525490185	57.8891558	1	151	159
-4.525490185	55.3891558	1	156	172
-4.525490185	55.8891558	1	163	177
-4.525490185	57.3891558	1	193	162
-4.525490185	56.3891558	1	220	180
-4.525490185	56.8891558	1	258	150
-4.025490185	40.3891558	0	43	322
-4.025490185	39.8891558	0	49	328
-4.025490185	39.3891558	0	50	341
-4.025490185	41.8891558	0	51	285
-4.025490185	41.3891558	0	51	283
-4.025490185	42.3891558	0	58	272
-4.025490185	40.8891558	0	62	269
-4.025490185	38.8891558	0	64	347
-4.025490185	37.8891558	0	77	351
-4.025490185	37.3891558	0	77	326
-4.025490185	36.8891558	0	79	303
-4.025490185	38.3891558	0	84	349
-4.025490185	42.8891558	0	86	238
-4.025490185	58.3891558	1	99	164
-4.025490185	57.8891558	1	101	170
-4.025490185	43.3891558	1	112	232
-4.025490185	52.3891558	1	116	181
-4.025490185	51.8891558	1	119	198
-4.025490185	50.8891558	1	125	194
-4.025490185	55.8891558	1	138	179
-4.025490185	48.3891558	1	138	201
-4.025490185	56.3891558	1	156	186
-4.025490185	57.3891558	1	167	158
-4.025490185	55.3891558	1	176	168
-4.025490185	56.8891558	1	177	175
-3.525490185	39.8891558	0	47	328
-3.525490185	36.8891558	0	52	309
-3.525490185	41.8891558	0	53	278
-3.525490185	39.3891558	0	53	331
-3.525490185	40.3891558	0	54	316
-3.525490185	41.3891558	0	56	274
-3.525490185	40.8891558	0	56	287
-3.525490185	38.8891558	0	56	343
-3.525490185	42.3891558	0	60	261
-3.525490185	37.3891558	0	60	332
-3.525490185	38.3891558	0	72	351
-3.525490185	37.8891558	0	79	349
-3.525490185	57.3891558	1	83	196
-3.525490185	42.8891558	1	86	236
-3.525490185	58.3891558	1	95	159
-3.525490185	50.3891558	0	111	199
-3.525490185	55.8891558	1	121	177
-3.525490185	56.3891558	1	122	177
-3.525490185	55.3891558	1	122	183
-3.525490185	43.3891558	1	122	222
-3.525490185	50.8891558	1	127	196
-3.525490185	48.3891558	1	128	202
-3.525490185	56.8891558	1	130	173
-3.525490185	51.8891558	1	145	199
-3.525490185	52.8891558	1	193	166
-3.525490185	52.3891558	1	211	176
-3.025490185	39.8891558	0	48	324
-3.025490185	39.3891558	0	49	333
-3.025490185	40.8891558	0	53	293
-3.025490185	40.3891558	0	53	317
-3.025490185	38.8891558	0	56	334
-3.025490185	38.3891558	0	58	342
-3.025490185	41.8891558	0	60	270
-3.025490185	37.8891558	0	61	337
-3.025490185	41.3891558	0	69	260
-3.025490185	37.3891558	0	70	315
-3.025490185	56.3891558	1	83	180
-3.025490185	42.8891558	1	88	240
-3.025490185	55.8891558	1	97	180
-3.025490185	42.3891558	0	99	210
-3.025490185	56.8891558	1	103	167
-3.025490185	53.3891558	1	103	185
-3.025490185	52.8891558	1	103	190
-3.025490185	54.3891558	1	104	194
-3.025490185	54.8891558	1	109	186
-3.025490185	47.8891558	1	113	212
-3.025490185	57.3891558	1	115	154
-3.025490185	50.8891558	1	118	194
-3.025490185	48.3891558	1	118	202
-3.025490185	52.3891558	1	144	188
-3.025490185	51.8891558	1	150	197
-3.025490185	55.3891558	1	151	175
-2.525490185	36.8891558	0	34	297
-2.525490185	39.3891558	0	49	326
-2.525490185	40.3891558	0	52	305
-2.525490185	39.8891558	0	54	313
-2.525490185	38.8891558	0	59	320
-2.525490185	37.8891558	0	59	317
-2.525490185	41.3891558	0	60	279
-2.525490185	40.8891558	0	60	282
-2.525490185	38.3891558	0	60	322
-2.525490185	41.8891558	0	66	272
-2.525490185	56.8891558	1	70	182
-2.525490185	52.8891558	1	71	193
-2.525490185	52.3891558	1	74	200
-2.525490185	57.3891558	1	75	177
-2.525490185	42.3891558	0	75	254
-2.525490185	55.8891558	1	83	186
-2.525490185	42.8891558	1	85	250
-2.525490185	53.3891558	1	88	192
-2.525490185	51.3891558	1	89	209
-2.525490185	50.8891558	1	90	208
-2.525490185	37.3891558	0	94	278
-2.525490185	47.8891558	1	105	213
-2.525490185	53.8891558	1	106	195
-2.525490185	48.3891558	1	106	205
-2.525490185	51.8891558	1	108	200
-2.525490185	55.3891558	1	109	178
-2.525490185	54.8891558	1	109	185
-2.525490185	54.3891558	1	132	193
-2.025490185	39.3891558	0	49	318
-2.025490185	37.3891558	0	54	298
-2.025490185	41.3891558	0	59	282
-2.025490185	39.8891558	0	59	307
-2.025490185	38.8891558	0	60	309
-2.025490185	52.3891558	1	62	206
-2.025490185	38.3891558	0	63	308
-2.025490185	37.8891558	0	66	300
-2.025490185	52.8891558	1	68	199
-2.025490185	40.3891558	0	68	288
-2.025490185	41.8891558	0	71	268
-2.025490185	40.8891558	0	71	268
-2.025490185	51.8891558	1	74	209
-2.025490185	57.3891558	0	79	177
-2.025490185	42.3891558	1	80	252
-2.025490185	51.3891558	1	83	210
-2.025490185	55.3891558	1	84	181
-2.025490185	53.3891558	1	85	199
-2.025490185	48.3891558	1	87	214
-2.025490185	47.8891558	1	89	225
-2.025490185	50.8891558	1	92	210
-2.025490185	42.8891558	1	98	242
-2.025490185	54.8891558	1	110	176
-2.025490185	53.8891558	1	155	188
-2.025490185	54.3891558	1	160	171
-1.525490185	38.3891558	0	45	325
-1.525490185	37.8891558	0	46	313
-1.525490185	39.3891558	0	48	309
-1.525490185	38.8891558	0	56	306
-1.525490185	39.8891558	0	60	293
-1.525490185	42.3891558	1	61	290
-1.525490185	52.3891558	1	62	207
-1.525490185	41.3891558	0	63	268
-1.525490185	51.8891558	1	67	207
-1.525490185	52.8891558	1	68	208
-1.525490185	40.8891558	0	74	252
-1.525490185	40.3891558	0	78	259
-1.525490185	54.8891558	1	79	184
-1.525490185	48.3891558	1	80	223
-1.525490185	51.3891558	1	81	213
-1.525490185	47.8891558	1	82	231
-1.525490185	41.8891558	0	82	244
-1.525490185	53.8891558	1	89	201
-1.525490185	47.3891558	1	89	234
-1.525490185	54.3891558	1	91	189
-1.525490185	50.8891558	1	91	214
-1.525490185	46.8891558	1	97	233
-1.525490185	53.3891558	1	115	196
-1.525490185	42.8891558	1	118	263
-1.525490185	43.3891558	1	160	245
-1.025490185	37.8891558	0	47	321
-1.025490185	41.8891558	1	55	298
-1.025490185	39.8891558	0	55	282
-1.025490185	39.3891558	0	55	295
-1.025490185	38.8891558	0	56	301
-1.025490185	38.3891558	0	57	303
-1.025490185	52.3891558	1	60	210
-1.025490185	53.8891558	1	61	203
-1.025490185	52.8891558	1	61	214
-1.025490185	51.8891558	1	62	213
-1.025490185	54.3891558	1	67	195
-1.025490185	41.3891558	0	67	252
-1.025490185	53.3891558	1	68	208
-1.025490185	42.3891558	1	68	277
-1.025490185	40.3891558	0	68	259
-1.025490185	40.8891558	0	77	236
-1.025490185	47.8891558	1	80	234
-1.025490185	51.3891558	1	81	212
-1.025490185	48.3891558	1	82	228
-1.025490185	47.3891558	1	84	238
-1.025490185	48.8891558	1	90	217
-1.025490185	50.8891558	0	91	218
-1.025490185	46.8891558	1	92	235
-1.025490185	49.3891558	1	97	213
-1.025490185	42.8891558	1	111	254
-1.025490185	44.8891558	1	127	250
-1.025490185	44.3891558	1	144	250
-1.025490185	43.3891558	1	146	248
-1.025490185	43.8891558	1	157	248
-0.525490185	41.8891558	1	51	293
-0.525490185	41.3891558	1	54	284
-0.525490185	53.3891558	1	57	210
-0.525490185	52.3891558	1	57	217
-0.525490185	38.3891558	0	58	320
-0.525490185	53.8891558	1	60	203
-0.525490185	52.8891558	1	60	213
-0.525490185	39.8891558	0	61	284
-0.525490185	42.3891558	1	65	266
-0.525490185	40.3891558	0	65	257
-0.525490185	51.8891558	1	67	216
-0.525490185	39.3891558	0	69	294
-0.525490185	38.8891558	0	69	286
-0.525490185	54.3891558	1	73	197
-0.525490185	47.8891558	1	74	241
-0.525490185	40.8891558	0	77	235
-0.525490185	47.3891558	1	78	240
-0.525490185	48.3891558	1	81	230
-0.525490185	51.3891558	1	87	219
-0.525490185	48.8891558	1	89	214
-0.525490185	46.8891558	1	91	235
-0.525490185	42.8891558	1	92	234
-0.525490185	46.3891558	1	95	245
-0.525490185	45.8891558	1	102	247
-0.525490185	44.8891558	1	110	257
-0.525490185	43.3891558	1	114	252
-0.525490185	44.3891558	1	123	259
-0.525490185	43.8891558	1	127	257
-0.025490185	41.3891558	1	50	300
-0.025490185	52.3891558	1	52	214
-0.025490185	41.8891558	1	52	290
-0.025490185	52.8891558	1	56	215
-0.025490185	53.3891558	1	60	209
-0.025490185	51.8891558	1	64	217
-0.025490185	40.3891558	0	65	259
-0.025490185	40.8891558	1	68	258
-0.025490185	51.3891558	1	69	222
-0.025490185	47.8891558	1	73	245
-0.025490185	47.3891558	1	74	245
-0.025490185	48.8891558	1	80	223
-0.025490185	42.3891558	1	80	235
-0.025490185	48.3891558	1	83	226
-0.025490185	46.8891558	1	85	243
-0.025490185	43.3891558	1	92	246
-0.025490185	46.3891558	1	96	247
-0.025490185	45.8891558	1	96	256
-0.025490185	45.3891558	1	100	255
-0.025490185	43.8891558	1	101	260
-0.025490185	44.8891558	1	102	260
-0.025490185	44.3891558	1	106	261
-0.025490185	42.8891558	1	117	186
0.474509815	52.3891558	1	52	211
0.474509815	41.3891558	1	53	309
0.474509815	52.8891558	1	56	211
0.474509815	41.8891558	1	56	300
0.474509815	51.8891558	1	58	218
0.474509815	47.8891558	1	69	247
0.474509815	47.3891558	1	69	251
0.474509815	48.3891558	1	70	238
0.474509815	51.3891558	1	71	219
0.474509815	48.8891558	1	76	222
0.474509815	46.8891558	1	76	247
0.474509815	40.8891558	1	77	249
0.474509815	49.3891558	1	78	222
0.474509815	43.3891558	1	81	250
0.474509815	42.3891558	1	82	249
0.474509815	43.8891558	1	85	260
0.474509815	46.3891558	1	87	249
0.474509815	50.8891558	0	88	211
0.474509815	44.3891558	1	93	261
0.474509815	45.8891558	1	95	255
0.474509815	44.8891558	1	95	262
0.474509815	45.3891558	1	97	259
0.474509815	42.8891558	1	142	145
0.974509815	51.8891558	0	54	214
0.974509815	52.3891558	1	56	206
0.974509815	41.8891558	1	58	306
0.974509815	52.8891558	1	63	202
0.974509815	47.8891558	1	67	245
0.974509815	47.3891558	1	67	250
0.974509815	41.3891558	1	67	279
0.974509815	48.3891558	1	68	234
0.974509815	48.8891558	1	70	224
0.974509815	49.3891558	1	73	224
0.974509815	46.8891558	1	74	249
0.974509815	43.8891558	1	78	260
0.974509815	49.8891558	1	80	222
0.974509815	43.3891558	1	81	258
0.974509815	44.3891558	1	83	261
0.974509815	42.3891558	1	86	259
0.974509815	46.3891558	1	87	250
0.974509815	44.8891558	1	90	262
0.974509815	45.3891558	1	99	258
0.974509815	45.8891558	1	103	249
0.974509815	42.8891558	1	110	218
1.474509815	52.3891558	1	61	204
1.474509815	48.8891558	1	62	229
1.474509815	48.3891558	1	63	237
1.474509815	49.3891558	1	64	234
1.474509815	47.8891558	1	64	244
1.474509815	47.3891558	1	67	245
1.474509815	46.8891558	1	71	250
1.474509815	41.8891558	1	71	275
1.474509815	41.3891558	1	73	273
1.474509815	43.8891558	1	74	269
1.474509815	43.3891558	1	78	266
1.474509815	44.3891558	1	79	264
1.474509815	49.8891558	1	80	219
1.474509815	44.8891558	1	85	265
1.474509815	46.3891558	1	91	243
1.474509815	45.3891558	1	98	259
1.474509815	42.3891558	1	106	224
1.474509815	45.8891558	1	113	253
1.474509815	42.8891558	1	116	208
1.974509815	48.8891558	1	61	231
1.974509815	48.3891558	1	61	240
1.974509815	47.8891558	1	63	246
1.974509815	49.3891558	1	65	229
1.974509815	47.3891558	1	66	245
1.974509815	46.8891558	1	70	243
1.974509815	43.8891558	1	74	274
1.974509815	49.8891558	1	76	218
1.974509815	41.8891558	1	76	266
1.974509815	50.3891558	1	78	216
1.974509815	43.3891558	1	80	267
1.974509815	50.8891558	1	81	207
1.974509815	44.3891558	1	81	264
1.974509815	44.8891558	1	83	263
1.974509815	41.3891558	0	86	275
1.974509815	45.3891558	1	87	260
1.974509815	46.3891558	1	90	237
1.974509815	45.8891558	1	97	242
1.974509815	42.8891558	1	107	222
1.974509815	42.3891558	1	107	221
2.474509815	48.8891558	1	61	239
2.474509815	48.3891558	1	63	242
2.474509815	49.3891558	1	65	231
2.474509815	47.8891558	1	67	244
2.474509815	49.8891558	1	71	222
2.474509815	47.3891558	1	72	248
2.474509815	43.3891558	1	75	277
2.474509815	46.8891558	1	76	249
2.474509815	50.3891558	1	77	214
2.474509815	50.8891558	1	78	213
2.474509815	41.8891558	1	82	260
2.474509815	43.8891558	1	83	268
2.474509815	44.8891558	1	84	259
2.474509815	44.3891558	1	84	258
2.474509815	46.3891558	1	89	239
2.474509815	45.3891558	1	92	246
2.474509815	42.3891558	1	100	239
2.474509815	45.8891558	1	104	218
2.474509815	42.8891558	1	104	224
2.974509815	48.8891558	1	60	243
2.974509815	49.3891558	1	61	234
2.974509815	48.3891558	1	64	244
2.974509815	49.8891558	1	65	227
2.974509815	47.8891558	1	69	246
2.974509815	50.3891558	1	70	219
2.974509815	50.8891558	1	74	215
2.974509815	47.3891558	1	76	243
2.974509815	46.8891558	1	79	249
2.974509815	43.3891558	1	80	288
2.974509815	44.3891558	1	83	253
2.974509815	42.8891558	0	86	278
2.974509815	43.8891558	1	88	253
2.974509815	46.3891558	1	90	239
2.974509815	44.8891558	1	90	237
2.974509815	42.3891558	1	98	263
2.974509815	45.8891558	1	103	214
2.974509815	45.3891558	1	103	212
2.974509815	39.8891558	0	108	257
2.974509815	41.8891558	0	109	272
3.474509815	49.3891558	1	60	231
3.474509815	48.8891558	1	60	238
3.474509815	49.8891558	1	61	226
3.474509815	48.3891558	1	61	249
3.474509815	50.3891558	1	66	224
3.474509815	50.8891558	1	71	219
3.474509815	47.8891558	1	71	245
3.474509815	47.3891558	1	77	239
3.474509815	51.3891558	1	78	207
3.474509815	46.8891558	1	79	246
3.474509815	43.8891558	1	82	259
3.474509815	46.3891558	1	83	254
3.474509815	44.3891558	1	83	238
3.474509815	45.8891558	1	87	250
3.474509815	43.3891558	0	88	288
3.474509815	45.3891558	1	91	227
3.474509815	44.8891558	1	91	222
3.974509815	49.3891558	1	63	236
3.974509815	49.8891558	1	64	228
3.974509815	48.8891558	1	64	238
3.974509815	48.3891558	1	65	241
3.974509815	47.8891558	1	71	243
3.974509815	50.8891558	1	74	221
3.974509815	51.3891558	1	75	212
3.974509815	47.3891558	1	75	240
3.974509815	50.3891558	1	76	219
3.974509815	46.8891558	1	79	248
3.974509815	44.3891558	1	85	222
3.974509815	44.8891558	1	86	224
3.974509815	46.3891558	1	89	241
3.974509815	45.3891558	1	92	216
3.974509815	43.8891558	1	97	278
3.974509815	45.8891558	1	98	209
4.474509815	48.3891558	1	69	243
4.474509815	49.3891558	1	70	236
4.474509815	48.8891558	1	72	236
4.474509815	50.8891558	1	73	229
4.474509815	47.8891558	1	74	244
4.474509815	51.3891558	1	76	219
4.474509815	46.8891558	1	81	243
4.474509815	47.3891558	1	83	226
4.474509815	44.8891558	1	83	242
4.474509815	45.8891558	1	85	259
4.474509815	46.3891558	1	87	249
4.474509815	45.3891558	1	89	231
4.474509815	49.8891558	1	91	222
4.474509815	50.3891558	1	92	220
4.474509815	44.3891558	1	99	286
4.474509815	43.8891558	1	108	292
4.974509815	48.8891558	1	73	239
4.974509815	49.3891558	1	74	234
4.974509815	47.3891558	1	75	243
4.974509815	51.3891558	1	76	220
4.974509815	50.8891558	1	76	223
4.974509815	46.8891558	1	76	252
4.974509815	48.3891558	1	78	234
4.974509815	46.3891558	1	80	258
4.974509815	51.8891558	1	81	214
4.974509815	47.8891558	1	81	231
4.974509815	45.8891558	1	81	266
4.974509815	52.8891558	1	86	200
4.974509815	49.8891558	1	86	229
4.974509815	45.3891558	1	87	264
4.974509815	50.3891558	1	88	219
4.974509815	52.3891558	1	89	208
4.974509815	44.8891558	1	96	284
4.974509815	43.8891558	1	97	286
4.974509815	44.3891558	1	101	284
5.474509815	51.8891558	1	74	215
5.474509815	51.3891558	1	76	216
5.474509815	48.8891558	1	77	228
5.474509815	52.3891558	1	78	212
5.474509815	47.3891558	1	78	251
5.474509815	50.8891558	1	79	220
5.474509815	46.8891558	1	79	255
5.474509815	49.3891558	1	80	229
5.474509815	46.3891558	1	81	259
5.474509815	52.8891558	0	82	204
5.474509815	47.8891558	1	83	235
5.474509815	43.8891558	1	83	280
5.474509815	48.3891558	1	84	227
5.474509815	45.8891558	1	85	267
5.474509815	50.3891558	1	86	217
5.474509815	44.3891558	1	91	269
5.474509815	44.8891558	1	93	254
5.474509815	45.3891558	1	96	251
5.474509815	49.8891558	1	114	219
5.474509815	59.3891558	0	179	162
5.474509815	60.3891558	0	249	175
5.474509815	60.8891558	0	280	174
5.474509815	61.3891558	0	303	158
5.474509815	61.8891558	0	307	142
5.974509815	51.8891558	1	73	217
5.974509815	51.3891558	1	74	220
5.974509815	52.3891558	1	77	211
5.974509815	49.3891558	1	78	228
5.974509815	52.8891558	1	79	207
5.974509815	50.8891558	1	80	221
5.974509815	48.8891558	1	80	223
5.974509815	53.3891558	1	84	202
5.974509815	43.8891558	1	84	270
5.974509815	48.3891558	1	86	227
5.974509815	47.8891558	1	89	236
5.974509815	43.3891558	1	90	258
5.974509815	45.8891558	1	91	256
5.974509815	44.3891558	1	91	235
5.974509815	47.3891558	1	94	244
5.974509815	49.8891558	1	95	219
5.974509815	45.3891558	1	98	235
5.974509815	44.8891558	1	98	235
5.974509815	46.8891558	1	102	233
5.974509815	46.3891558	1	113	222
5.974509815	50.3891558	1	127	189
5.974509815	58.8891558	0	192	155
5.974509815	59.8891558	0	241	171
5.974509815	62.3891558	0	271	150
5.974509815	60.3891558	0	286	178
5.974509815	61.8891558	0	311	105
5.974509815	61.3891558	0	328	128
5.974509815	60.8891558	0	356	150
6.474509815	49.3891558	1	71	238
6.474509815	48.8891558	1	74	236
6.474509815	51.8891558	1	77	221
6.474509815	52.3891558	1	78	216
6.474509815	52.8891558	1	79	211
6.474509815	51.3891558	1	79	226
6.474509815	49.8891558	1	79	223
6.474509815	53.3891558	1	81	205
6.474509815	48.3891558	1	87	230
6.474509815	50.8891558	1	89	214
6.474509815	44.3891558	1	92	232
6.474509815	43.8891558	1	95	235
6.474509815	47.8891558	1	96	240
6.474509815	45.8891558	1	96	251
6.474509815	46.3891558	1	97	254
6.474509815	43.3891558	1	100	258
6.474509815	44.8891558	1	101	208
6.474509815	47.3891558	1	106	236
6.474509815	50.3891558	1	107	197
6.474509815	46.8891558	1	126	210
6.474509815	45.3891558	1	130	179
6.474509815	58.8891558	0	229	141
6.474509815	61.8891558	0	247	162
6.474509815	59.3891558	0	255	150
6.474509815	62.3891558	0	256	123
6.474509815	59.8891558	0	283	115
6.474509815	61.3891558	0	298	131
6.474509815	60.8891558	0	315	130
6.974509815	49.8891558	1	71	229
6.974509815	49.3891558	1	72	238
6.974509815	48.8891558	1	74	238
6.974509815	52.3891558	1	78	216
6.974509815	51.8891558	1	80	224
6.974509815	52.8891558	1	81	212
6.974509815	50.8891558	1	81	227
6.974509815	48.3891558	1	85	233
6.974509815	51.3891558	1	86	236
6.974509815	50.3891558	1	102	189
6.974509815	43.8891558	1	104	219
6.974509815	44.8891558	1	106	194
6.974509815	46.8891558	1	111	221
6.974509815	47.8891558	1	114	212
6.974509815	47.3891558	1	116	213
6.974509815	44.3891558	1	117	162
6.974509815	46.3891558	1	121	204
6.974509815	45.3891558	1	127	169
6.974509815	45.8891558	1	178	131
6.974509815	58.3891558	0	209	160
6.974509815	61.8891558	0	220	138
6.974509815	62.3891558	0	221	120
6.974509815	58.8891558	0	221	152
6.974509815	59.8891558	0	224	152
6.974509815	61.3891558	0	228	143
6.974509815	59.3891558	0	233	121
6.974509815	60.8891558	0	242	122
6.974509815	60.3891558	0	244	107
7.474509815	50.3891558	1	76	211
7.474509815	49.8891558	1	77	217
7.474509815	49.3891558	1	78	230
7.474509815	52.3891558	1	79	216
7.474509815	50.8891558	1	79	226
7.474509815	48.8891558	1	79	230
7.474509815	51.8891558	1	80	223
7.474509815	53.3891558	1	82	211
7.474509815	52.8891558	1	82	212
7.474509815	47.8891558	1	84	247
7.474509815	51.3891558	1	91	215
7.474509815	44.8891558	1	93	239
7.474509815	48.3891558	1	97	217
7.474509815	46.3891558	1	111	202
7.474509815	44.3891558	1	113	173
7.474509815	43.8891558	0	114	253
7.474509815	46.8891558	1	121	203
7.474509815	47.3891558	1	123	206
7.474509815	45.3891558	1	126	172
7.474509815	45.8891558	1	130	171
7.474509815	62.3891558	0	149	158
7.474509815	61.3891558	0	152	155
7.474509815	62.8891558	0	155	162
7.474509815	60.8891558	0	183	108
7.474509815	59.8891558	0	183	117
7.474509815	60.3891558	0	184	108
7.474509815	59.3891558	0	190	116
7.474509815	61.8891558	0	191	89
7.474509815	58.3891558	0	191	161
7.474509815	58.8891558	0	195	136
7.974509815	50.3891558	1	70	219
7.974509815	49.8891558	1	74	214
7.974509815	49.3891558	1	77	226
7.974509815	48.8891558	1	78	245
7.974509815	52.3891558	1	80	218
7.974509815	51.8891558	1	80	221
7.974509815	53.3891558	1	81	205
7.974509815	50.8891558	1	83	214
7.974509815	52.8891558	1	87	211
7.974509815	44.8891558	1	89	279
7.974509815	48.3891558	1	90	251
7.974509815	51.3891558	1	99	206
7.974509815	45.3891558	1	107	279
7.974509815	44.3891558	1	107	199
7.974509815	61.3891558	0	114	139
7.974509815	47.3891558	1	118	234
7.974509815	47.8891558	1	125	202
7.974509815	45.8891558	1	126	186
7.974509815	59.8891558	0	133	134
7.974509815	60.3891558	0	134	128
7.974509815	62.8891558	0	139	166
7.974509815	60.8891558	0	141	106
7.974509815	59.3891558	0	143	139
7.974509815	46.8891558	1	148	173
7.974509815	61.8891558	0	151	87
7.974509815	62.3891558	0	157	88
7.974509815	58.8891558	0	161	150
7.974509815	58.3891558	0	170	172
7.974509815	46.3891558	1	188	86
8.474509815	50.3891558	1	65	227
8.474509815	49.8891558	1	67	236
8.474509815	50.8891558	1	75	222
8.474509815	49.3891558	1	76	247
8.474509815	53.3891558	1	78	212
8.474509815	52.8891558	1	84	213
8.474509815	62.3891558	0	85	146
8.474509815	52.3891558	1	86	217
8.474509815	48.8891558	1	87	249
8.474509815	51.8891558	1	88	219
8.474509815	61.8891558	0	94	125
8.474509815	44.8891558	1	97	266
8.474509815	55.8891558	1	99	187
8.474509815	45.3891558	1	100	279
8.474509815	61.3891558	0	101	125
8.474509815	56.3891558	1	103	184
8.474509815	60.8891558	0	107	130
8.474509815	48.3891558	1	108	221
8.474509815	59.8891558	0	110	147
8.474509815	51.3891558	1	110	197
8.474509815	44.3891558	0	111	223
8.474509815	60.3891558	0	115	128
8.474509815	45.8891558	1	117	251
8.474509815	59.3891558	0	123	145
8.474509815	47.8891558	1	131	200
8.474509815	58.8891558	0	132	180
8.474509815	47.3891558	1	144	222
8.474509815	58.3891558	0	163	178
8.474509815	46.3891558	1	174	121
8.474509815	46.8891558	1	186	121
8.974509815	50.3891558	1	68	245
8.974509815	50.8891558	1	73	226
8.974509815	53.3891558	1	80	215
8.974509815	39.3891558	0	80	296
8.974509815	49.3891558	1	82	247
8.974509815	61.3891558	0	83	165
8.974509815	49.8891558	1	83	230
8.974509815	52.8891558	1	84	215
8.974509815	51.8891558	1	84	219
8.974509815	52.3891558	1	85	217
8.974509815	62.3891558	0	86	151
8.974509815	60.8891558	0	92	165
8.974509815	54.8891558	1	92	195
8.974509815	41.8891558	1	94	261
8.974509815	56.3891558	1	95	193
8.974509815	55.3891558	1	96	197
8.974509815	59.8891558	0	98	180
8.974509815	55.8891558	1	98	195
8.974509815	60.3891558	0	99	163
8.974509815	48.8891558	1	100	229
8.974509815	48.3891558	1	105	229
8.974509815	51.3891558	1	106	198
8.974509815	42.3891558	1	106	235
8.974509815	59.3891558	0	107	175
8.974509815	61.8891558	0	111	106
8.974509815	47.8891558	1	112	234
8.974509815	39.8891558	0	114	280
8.974509815	58.8891558	0	117	183
8.974509815	40.8891558	0	118	277
8.974509815	62.8891558	0	119	110
8.974509815	45.3891558	1	120	284
8.974509815	45.8891558	1	128	269
8.974509815	44.8891558	1	136	264
8.974509815	47.3891558	1	137	230
8.974509815	40.3891558	0	140	284
8.974509815	63.3891558	0	143	144
8.974509815	46.3891558	1	161	186
8.974509815	46.8891558	1	210	86
9.474509815	39.3891558	0	51	293
9.474509815	52.8891558	1	77	221
9.474509815	50.8891558	1	78	222
9.474509815	53.3891558	1	79	217
9.474509815	50.3891558	1	79	229
9.474509815	51.3891558	1	81	219
9.474509815	49.8891558	1	81	237
9.474509815	49.3891558	1	81	246
9.474509815	56.8891558	1	83	194
9.474509815	52.3891558	1	83	213
9.474509815	61.8891558	0	84	173
9.474509815	53.8891558	1	84	213
9.474509815	56.3891558	1	86	194
9.474509815	51.8891558	1	88	209
9.474509815	39.8891558	0	91	287
9.474509815	42.3891558	1	92	252
9.474509815	61.3891558	0	93	156
9.474509815	59.3891558	0	93	197
9.474509815	54.8891558	1	93	197
9.474509815	54.3891558	1	93	208
9.474509815	48.8891558	1	93	231
9.474509815	55.8891558	1	95	191
9.474509815	55.3891558	1	95	197
9.474509815	40.8891558	0	95	278
9.474509815	60.3891558	0	97	180
9.474509815	59.8891558	0	98	184
9.474509815	60.8891558	0	99	158
9.474509815	62.8891558	0	109	119
9.474509815	62.3891558	0	110	115
9.474509815	47.8891558	1	114	240
9.474509815	40.3891558	0	114	278
9.474509815	48.3891558	1	116	220
9.474509815	45.3891558	1	116	290
9.474509815	45.8891558	1	121	275
9.474509815	44.8891558	1	131	231
9.474509815	47.3891558	1	150	204
9.474509815	46.3891558	1	160	152
9.474509815	46.8891558	1	164	173
9.974509815	52.8891558	1	72	226
9.974509815	52.3891558	1	75	222
9.974509815	56.3891558	1	76	194
9.974509815	57.3891558	1	77	197
9.974509815	56.8891558	1	77	193
9.974509815	53.3891558	1	78	222
9.974509815	55.8891558	0	79	194
9.974509815	49.8891558	1	79	234
9.974509815	50.8891558	1	80	217
9.974509815	50.3891558	1	81	227
9.974509815	53.8891558	1	83	217
9.974509815	54.8891558	0	85	197
9.974509815	51.8891558	1	85	213
9.974509815	54.3891558	1	86	210
9.974509815	49.3891558	1	86	231
9.974509815	59.3891558	0	89	194
9.974509815	59.8891558	0	91	201
9.974509815	48.8891558	1	91	231
9.974509815	60.8891558	0	92	192
9.974509815	61.8891558	0	93	160
9.974509815	60.3891558	0	93	201
9.974509815	61.3891558	0	94	165
9.974509815	51.3891558	1	100	198
9.974509815	45.3891558	1	101	297
9.974509815	62.8891558	0	102	134
9.974509815	62.3891558	0	102	135
9.974509815	45.8891558	1	103	279
9.974509815	48.3891558	1	105	230
9.974509815	44.8891558	1	113	260
9.974509815	44.3891558	1	121	264
9.974509815	63.8891558	0	127	160
9.974509815	47.8891558	1	132	219
9.974509815	47.3891558	1	149	176
9.974509815	46.8891558	1	150	143
9.974509815	46.3891558	1	158	104
10.47450982	56.3891558	1	64	198
10.47450982	55.3891558	0	70	199
10.47450982	57.3891558	1	71	194
10.47450982	52.8891558	1	71	227
10.47450982	50.3891558	1	73	235
10.47450982	49.8891558	1	74	239
10.47450982	53.3891558	1	75	228
10.47450982	52.3891558	1	76	223
10.47450982	53.8891558	1	78	220
10.47450982	54.3891558	1	80	206
10.47450982	50.8891558	1	83	210
10.47450982	60.8891558	0	86	210
10.47450982	49.3891558	1	87	225
10.47450982	61.3891558	0	88	183
10.47450982	59.3891558	0	88	196
10.47450982	51.8891558	1	88	211
10.47450982	51.3891558	1	88	206
10.47450982	62.3891558	0	92	154
10.47450982	60.3891558	0	93	203
10.47450982	45.3891558	1	95	291
10.47450982	62.8891558	0	96	143
10.47450982	61.8891558	0	97	152
